{
    "mf48": 1.336402435064349,
    "mf36": 1.008202776684838,
    "mf56": 0.334493224630051,
    "mf68": 0.665506775369946,
    "mf92": 1.025840620457897,
    "mf38": 1.673784240557133,
    "mf35": 0.673784240557127,
    "mf43": -0.337307116990441,
    "mf45": 0.336402435064353,
    "mf09": -0.34318587041139,
    "mf29": -1.025840620457897,
    "mf34": 0.337307116990439,
    "mf58": 1.0,
    "mf02": 0.682654750046506,
    "l230": 9.1577e-06,
    "l232": 4.9475e-11,
    "l234": 2.8263e-06,
    "l238": 1.55125e-10,
    "NA": 6.02214129e+23,
    "NR85": 137.881,
    "cps": 62500000.0,
    "slope": 3.4053,
    "R3433": 0.002324,
    "R3533": 0.005066,
    "R3029": 4.8e-05,
    "tri236": 3.8678,
    "tri233": 0.038556,
    "tri229": 0.018115
}